,title,likeCount,dislikeCount,commentCount,shibouflagCount,seizonflagCount,cluster,pca_x,pca_y,cluster
0,〇〇フラグが立ったらどうすればいいのか？【初投稿】【アニメ】【漫画】,0.2396418302167159,0.11404046597179643,0.22239108409321176,1.0,0.0,2,-0.16546242433035066,0.03855468938043332,2
1,【漫画】ゾンビに噛まれた時の対処法【アニメ】【漫画】,0.13439086049518517,0.11955855303494788,0.030226274907125972,1.0,0.0,0,-0.18577356681817866,-0.09794412240289815,0
2,【漫画】テロ組織を味方につけた一般乗客の大逆転劇【アニメ】【漫画動画】,0.11958933981744148,0.08767627222562845,0.0391759540695711,1.0,0.0,0,-0.18898846244513115,-0.12446212380691711,0
3,【漫画】進化直後の主人公に直面してしまったらどうなるのか【アニメ】【漫画動画】,0.08276886856172447,0.0698957694665849,0.010638297872340424,1.0,0.0,0,-0.19519769414049584,-0.16931766079158336,0
4,【漫画】戦いで食い止める役になったらどうすればいいのか【アニメ】【漫画動画】,0.07070765549315888,0.04721030042918455,0.007936507936507933,1.0,0.0,0,-0.19819848039065738,-0.1929309502809865,0
5,【漫画】天才が人造人間に感情移入…とんでもない結末に【アニメ】【漫画動画】,0.08610741233910342,0.050889025137952175,0.03157716987504222,1.0,0.0,0,-0.1951468903828467,-0.1717526936119797,0
6,【漫画】コンクリ詰めで東京湾！？潜入捜査官に迫る身の危険…【アニメ】【漫画動画】【死亡フラグ】,0.042436172060441146,0.04291845493562232,0.023302938196555215,1.0,0.0,0,-0.19974408419467116,-0.20476525526563183,0
7,【漫画】リア充のための犯罪？若者が犯しがちな犯罪、礼拝所不敬罪とは？【アニメ】【漫画動画】,0.12215596595843224,0.08706315144083383,0.06180344478216819,1.0,0.0,0,-0.18735699798502803,-0.11373625889880622,0
8,【漫画】メンヘラ彼女が心中を迫ってきたら…最悪が重なりに重なり大事件が起きる！【アニメ】【漫画動画】,0.11150350257627512,0.12875536480686695,0.025835866261398176,1.0,0.0,0,-0.1870739999882465,-0.1059216564673256,0
9,【漫画】山で遭難した迷惑ミーハー登山客、救助後、社会的に影響を受ける…【アニメ】【漫画動画】,0.16503599065979663,0.19497240956468423,0.09743329956095914,1.0,0.0,0,-0.1727155934845591,0.0004791504285986276,0
10,【閲覧注意】恐怖の人喰いピエロに襲われるとどうなるのか…？【アニメ】【漫画動画】,0.15270460641849518,0.25383200490496627,0.07581898007429923,1.0,0.0,2,-0.1701942740891908,0.02555947318192575,2
11,【漫画】アルコール依存症になったサラリーマン…人生の転落劇【アニメ】【漫画動画】,0.09195468843474401,0.06683016554261188,0.03512326916582237,1.0,0.0,0,-0.193134368367118,-0.1558864681181322,0
12,【漫画】男女が砂漠で迷うとどうなるのか？…まさかの〇〇でピンチを切り抜ける？【アニメ】【漫画動画】,0.1055790347169957,0.06253832004904966,0.02178318135764944,1.0,0.0,0,-0.19330754181583912,-0.15718602194772038,0
13,【漫画】痴漢冤罪でリストラ！女子高生の罠に人生設計を狂わされた男の復讐劇【アニメ】【スカッと】,0.0704181863795133,0.134886572654813,0.0204322863897332,1.0,0.0,0,-0.19010924232914192,-0.12642766362953034,0
14,【漫画】海外では犯罪⁉︎逮捕もあり得るNGマナーに気をつけよう【アニメ】【漫画動画】,0.08215133445261391,0.07234825260576333,0.01452212090509963,1.0,0.0,0,-0.19478710134286423,-0.16626755162187196,0
15,【漫画】糖尿病の本当の恐怖…あなたは大丈夫…？【アニメ】【漫画動画】,0.288291939250082,0.30533415082771304,0.19030732860520097,1.0,0.0,2,-0.1478754419344413,0.18502118646364407,2
16,【漫画】台風直撃でも外出してしまう人の心理【アニメ】【漫画動画】,0.08767054555278951,0.060698957694665844,0.03799392097264438,1.0,0.0,0,-0.19378893383967954,-0.16127671832317222,0
17,【漫画】閲覧注意…誰もいないはずの家に人影が…【アニメ】【漫画動画】,0.16955170883266757,0.09258123850398528,0.08206686930091187,1.0,0.0,0,-0.1818886881204454,-0.07523479865893788,0
18,【漫画】世界一気持ちいいことは何なのか…？【アニメ】【漫画動画】,0.22690518921631064,0.2575107296137339,0.12951705504896996,1.0,0.0,2,-0.16060559078658562,0.09183872691460943,2
19,【漫画】もしも小人になったらどうなるのか？…あんなコトやこんなコトが…？？【アニメ】【漫画動画】,0.5730137594318686,0.49356223175965663,0.3797703478554542,1.0,0.0,5,-0.09768681064387424,0.5538856846557371,5
20,【悲劇】カジノは人を狂わせる…ギャンブルで破滅した男【アニメ】【漫画動画】,0.13772940427256414,0.16860821581851626,0.04728132387706856,1.0,0.0,0,-0.18031657089331649,-0.054488505863524724,0
21,【漫画】お風呂で寝ると失神する！？お風呂に入るうえで注意した方が良いこと【アニメ】【漫画動画】,0.33755958239255873,0.3059472716125077,0.16818642350557245,1.0,0.0,2,-0.14544780144055255,0.2028528305203435,2
22,【漫画】早食いに人生をかけた男…→その男の人生は思わぬ方向に…【アニメ】【漫画動画】,0.1594588857368919,0.18700183936235437,0.09844647078689633,1.0,0.0,0,-0.1737453233850049,-0.007703985931330281,0
23,【高額当選】宝くじが当たった男の一生【アニメ】【漫画動画】,0.11158069433991394,0.14347026364193746,0.06906450523471801,1.0,0.0,0,-0.1830106420680751,-0.07696624816030245,0
24,【漫画】モブキャラ戦闘員になったらどうなるのか【アニメ】【漫画動画】,0.09380729076207568,0.05579399141630901,0.07700101317122594,1.0,0.0,0,-0.19116356880066343,-0.14453987347073896,0
25,【ミステリー回】犯人は誰…！？旅館で◯人事件が発生、意外なあいつが…【アニメ】【漫画動画】,0.08041451977074046,0.06437768240343347,0.033096926713948,1.0,0.0,0,-0.19436748595960365,-0.16478305718854802,0
26,【漫画】無人島で女の子と二人きりのサバイバル生活！....のはずが!?【アニメ】【漫画動画】,0.30108647407321637,0.32924586143470264,0.2801418439716312,1.0,0.0,2,-0.1390046015641649,0.24744153978506214,2
27,【漫画】ミニマリストを極めすぎた男の末路【アニメ】【漫画動画】,0.09369150311661746,0.05702023298589822,0.08848362039851403,1.0,0.0,0,-0.19031794036902433,-0.13879782853295738,0
28,【漫画】事故物件を押し付けてくる不動産屋に証拠を突きつけるが…→まさかの優良物件!?【アニメ】【漫画動画】,0.08429340589359115,0.05885959534028203,0.059608240459304296,1.0,0.0,0,-0.19278751779154354,-0.15509410431700915,0
29,【漫画】登校拒否っ子が状況を打開するためにとった行動とは!?【アニメ】【漫画動画】,0.09743530365310021,0.059472716125076645,0.10638297872340427,1.0,0.0,0,-0.18864996202439116,-0.12732338139639607,0
30,【漫画】夜道で不審者に遭遇…→正体はまさかの⁉【アニメ】【漫画動画】,0.08396534089812617,0.05702023298589822,0.04137115839243499,1.0,0.0,0,-0.1941613386068053,-0.16441810780980629,0
31,【漫画】YouTuberで一攫千金⁉→調子に乗りすぎて思わぬ結果に…【アニメ】【漫画動画】,0.10824215056253497,0.0962599632127529,0.1889564336372847,1.0,0.0,0,-0.17933847401694913,-0.06012018349886158,0
32,【漫画】刑務所からの凄まじい脱獄劇【アニメ】【漫画動画】,0.08365657384357089,0.05640711220110362,0.05538669368456603,1.0,0.0,0,-0.1933176716472349,-0.15897554869983777,0
33,【過酷】高額報酬カニ漁の実態…そんなにうまい話じゃなかった！？【アニメ】【漫画動画】,0.12688396148130995,0.1103617412630288,0.11499493414387033,1.0,0.0,0,-0.1815654351652985,-0.07194561551450564,0
34,【漫画】ブラック企業に入社するとどうなるのか？→限界寸前で救いの手が！？【アニメ】【漫画動画】,0.13977498600899285,0.06928264868179031,0.12765957446808512,1.0,0.0,0,-0.18315095703169462,-0.08815003516984071,0
35,【漫画】ストーカー被害にあった時の対処法【アニメ】【漫画動画】,0.1118122696308304,0.07786633966891476,0.10536980749746708,1.0,0.0,0,-0.1860697955064065,-0.10704449219554248,0
36,【漫画】フラグが立つ→ピンチのはずが!?【アニメ】【漫画動画】,0.22387541249348697,0.2017167381974249,0.20027017899358326,1.0,0.0,2,-0.16084420661423457,0.08167853749616516,2
37,【漫画】もし悪の組織のボスになったらどうなるのか…【アニメ】【漫画動画】,0.06466739998842123,0.03801348865726548,0.046774738264099974,1.0,0.0,0,-0.19688693998981638,-0.18592392505955346,0
38,【漫画】ダークウェブの世界…意外とすぐそこにある！？【アニメ】【漫画動画】,0.13194002199965266,0.10668301655426118,0.05859506923336712,1.0,0.0,0,-0.18517544560394822,-0.0960574277404073,0
39,【漫画】麻○中毒になるとどうなるのか【アニメ】【漫画動画】,0.1622377892278894,0.12078479460453707,0.14572779466396488,1.0,0.0,0,-0.17593820512787833,-0.03208801923906358,0
40,【漫画】ポイ捨てを注意されて逆ギレ→相手が格闘家で…【アニメ】【漫画動画】,0.08193905710260715,0.04782342121397915,0.13897331982438366,1.0,0.0,0,-0.18868636452243734,-0.1298927092333365,0
41,【漫画】煽り運転に巻き込まれたらどうなるのか【アニメ】【漫画動画】,0.14907659352747063,0.12078479460453707,0.0960824045930429,1.0,0.0,0,-0.18021441840481545,-0.06067786866918109,0
42,【アニメ】不老不死になるとどうなるのか【漫画】【漫画動画】,0.2467820683533067,0.20600858369098712,0.23032759202971972,1.0,0.0,2,-0.15673798257229105,0.1101547724031697,2
43,【漫画】キャッシュレス社会の闇【アニメ】【漫画動画】,0.10444045620332311,0.1912936848559166,0.08915906788247215,1.0,0.0,0,-0.17827029074291273,-0.03878682799224649,0
44,【アニメ】超ド級！？狂犬病の恐怖…【漫画】【漫画動画】,0.22532275806171484,0.21336603310852237,0.13576494427558258,1.0,0.0,2,-0.16399082139855228,0.06281349299498622,2
45,【ホラー】ニセモノ家族の実態…全部嘘だった…？【アニメ】【漫画動画】,0.16976398618267433,0.2630288166768853,0.16058763931104358,1.0,0.0,2,-0.16254817696235022,0.07784426047989967,2
46,【アニメ】雪の女王になったらどうなるのか【漫画動画】,0.23234720855284743,0.22194972409564684,0.16869300911854104,1.0,0.0,2,-0.16057300663613017,0.0868431327996459,2
47,【アニメ】英雄が闇落ちするとどうなるのか…その素顔が！？【漫画動画】,0.12290858565391073,0.11894543225015326,0.11904761904761907,1.0,0.0,0,-0.1808945954865046,-0.06637348319634723,0
48,【アニメ】親の七光りで生きてきた男の末路…【漫画動画】,0.14672224473648662,0.1244635193133047,0.10638297872340427,1.0,0.0,0,-0.17941614108974782,-0.054955062451197544,0
49,【アニメ】ワンピースを手に入れるとどうなるのか【漫画動画】,0.0914915378529111,0.08890251379521764,0.07379263762242487,1.0,0.0,0,-0.18879984118217785,-0.12404916729084993,0
50,【アニメ】人類未到達…火星に行くとどうなるのか【漫画動画】,0.11289295432177386,0.08522378908645002,0.12563323201621074,1.0,0.0,0,-0.18404572307440492,-0.09257920676601922,0
51,【アニメ】整形中毒になるとどうなるのか…生まれ変われるってホント！？【漫画動画】,0.4947606090430151,0.6989576946658491,0.331306990881459,1.0,0.0,5,-0.0898568898921489,0.6337677532990033,5
52,【アニメ】バレンタインでどうしてもチョコが欲しい男…まさかの展開！？【漫画動画】,0.24570138366236324,0.14040465971796445,0.2686592367443431,1.0,0.0,2,-0.15976624121800556,0.08023231565031419,2
53,【アニメ】次世代通信システム５Gになるとどうなるのか【漫画動画】,0.20668094714293986,0.15757204169221337,0.20938872002701792,1.0,0.0,2,-0.16525384732252604,0.045354864741775996,2
54,【アニメ】インフルエンザの実態…どうすれば治るの！？【漫画動画】,0.19865300372450262,0.10545677498467197,0.18152651131374536,1.0,0.0,0,-0.17203840569672382,-0.007464367406595011,0
55,【不良】イキリヤンキーになるとどうなるのか【漫画動画】,0.07144097724772766,0.03923973022685469,0.050827423167848704,1.0,0.0,0,-0.1959932166911453,-0.17961714065877504,0
56,【新キャラ】ガンになるとどうなるのか…最強のフラグが！？【漫画動画】,0.4067619984947606,0.2832618025751073,0.4081391421816954,1.0,1.0,1,0.8592943162237687,0.20986297120597755,1
57,【アニメ】とにかく映え！自撮りにハマりすぎるとどうなるのか【漫画動画】,0.11661745691734691,0.06315144083384426,0.12732185072610605,1.0,0.0,0,-0.18548168660789002,-0.10524149992279805,0
58,【アニメ】美意識が究極に達した男の末路…【漫画動画】,0.08855825083463595,0.06376456161863886,0.06686930091185411,1.0,0.0,0,-0.1915723651150918,-0.14620524321081674,0
59,【ストーリー編】第1話「修行のはじまり」【アニメ】【漫画動画】,0.46616106061483237,0.38626609442060084,0.3443093549476528,1.0,0.0,5,-0.11723482443255387,0.40519595752367876,5
60,【アニメ】フォロワーをお金で買うとどうなるのか,0.11522800517184816,0.0674432863274065,0.08324890239783858,1.0,0.0,0,-0.18812137412695737,-0.12199446687993121,0
61,【アニメ】会話をしない男！誰とも喋らなかったらどうなるのか【漫画動画】,0.21384048322044039,0.161250766400981,0.14707868963188114,1.0,0.0,2,-0.16847589079059014,0.02498823502763532,2
62,【アニメ】浮気をされて豹変した男の様々な復讐劇！意外な結末とは…【漫画動画】,0.09344062988479129,0.0698957694665849,0.06484295845997974,1.0,0.0,0,-0.190815995271573,-0.14012407299812757,0
63,【アニメ】冗談で告白した相手から恐怖の手紙が…→意外な真実が【漫画動画】,0.35058569250660954,0.37155119558553035,0.26308679500168863,1.0,0.0,2,-0.13275908306515127,0.2967214018350993,2
64,【アニメ】人格破綻者続出…！！！狂気の実験「スタンフォード実験」【漫画動画】,0.1458345394546402,0.15144083384426732,0.11972306653157719,1.0,0.0,0,-0.1763668102190188,-0.030837258221517477,0
65,【アニメ】人の本音が聞ける！？　心の声が聞こえるようになったらどうなるのか？【漫画動画】,0.2937725544684382,0.2286940527283875,0.196048632218845,1.0,0.0,2,-0.15344818280437658,0.13692829650849925,2
66,【都市伝説】「整形させて頂きます」ドッペルゲンガーと出会った人の神対応……？【漫画動画】【アニメ】,0.24682066423512614,0.1912936848559166,0.13373860182370823,1.0,0.0,2,-0.16428984420127415,0.05826746982574691,2
67,【アニメ】ミュージシャンに憧れ上京してきた男の伝説への軌跡…「俺、デンセツになった！！！」【漫画動画】,0.08224782415716243,0.03494788473329246,0.09202971968929416,1.0,0.0,0,-0.19281024870324998,-0.15895251194726542,0
68,【アニメ】火葬場の裏側→焼却炉から鳴り響く正体は……【漫画動画】,0.10351415503965727,0.06560392397302267,0.06973995271867613,1.0,0.0,0,-0.19006960941674772,-0.13550583851240225,0
69,【芸能界】子役になったらどうなるのか？【アニメ】【漫画動画】,0.25085393388525445,0.16799509503372165,0.15923674434312735,1.0,0.0,2,-0.16424322989351461,0.05517748845601484,2
70,【真実はいつも１つ】絶対に関わってはいけない取引に遭遇した男→史上最恐の取引【アニメ】【漫画動画】,0.2127405005885872,0.17167381974248927,0.2048294495103006,0.0,1.0,4,0.9288109871406436,-0.17544066247201756,4
71,【決戦】モテたい男が最狂のモンスターを倒した結果【アニメ】【漫画動画】,0.10027210096682684,0.09074187614960146,0.15062478892266126,1.0,0.0,0,-0.18292892008712947,-0.08485289735299453,0
72,【一夫多妻制】美人ハーレムを築くとどうなるのか？【アニメ】【漫画動画】,0.20156699280186804,0.22562844880441446,0.19233367105707533,1.0,0.0,2,-0.16110815556476776,0.08277354662325699,2
73,【死刑執行】無実の罪で死刑囚になった男の末路…【アニメ】【漫画動画】,0.20710550184295337,0.21704475781729,0.18794326241134754,1.0,0.0,2,-0.16167972475765113,0.07791048237465069,2
74,【ストーリー編】第２話「芽生えた気持ち」【アニメ】【漫画動画】,0.26552036897663017,0.14347026364193746,0.21192164809186087,1.0,1.0,1,0.8238357121719214,-0.04961569665042221,1
75,【中華統一】美人武将の最大の悩みとは……三国志物語【アニメ】【漫画動画】,0.22812095949362204,0.2176578786020846,0.2468760553866937,1.0,1.0,1,0.8293927649053938,-0.0031502300614821804,1
76,【孤独死】寂しすぎて死んでしまおうとした人の末路…【アニメ】【漫画動画】,0.21368609969316277,0.12262415695892089,0.1656534954407295,1.0,0.0,2,-0.17048326047308757,0.0059125043530431015,2
77,【時間停止】停止能力を手に入れた人の最初に取った意外な行動とは…【アニメ】【漫画動画】,0.18444971921495978,0.15757204169221337,0.3382303275920297,1.0,0.0,2,-0.1585356129210211,0.08872366646635875,2
78,【不労所得】ベーシックインカム制度を導入したらどうなるのか？【アニメ】【漫画動画】,0.125050657094888,0.11465358675659104,0.12310030395136778,1.0,0.0,0,-0.18081957555543662,-0.06645543753617757,0
79,【バタフライ効果】些細な行動が「運命」を変化させる。バタフライエフェクト【アニメ】【漫画動画】,0.2825797487408093,0.21213979153893317,0.18253968253968256,1.0,0.0,2,-0.1565798966646587,0.11341761008057233,2
80,【氷１万円】ぼったくり客引きに本当について行くとどうなるのか？【アニメ】【漫画動画】,0.09351782164843012,0.06499080318822807,0.09253630530226276,1.0,0.0,0,-0.1894028257995588,-0.1315757145162567,0
81,【アニメ】魔法美少女戦士　モブカ！モギカ！【漫画動画】,0.31808796001466644,0.4396076026977314,0.44799054373522457,1.0,0.0,5,-0.11750289280004855,0.4062010900958604,5
82,オンラインサロンビジネスを始めた結果…【漫画動画】【アニメ】,0.07804087303884676,0.03678724708767627,0.08274231678486998,1.0,0.0,0,-0.19359274527500822,-0.1639693720323347,0
83,【あるある】ベタな敵キャラがやってしまいがちなこと【漫画動画】【アニメ】,0.22534205600262452,0.18700183936235437,0.14623438027693347,1.0,1.0,1,0.8200304960293491,-0.06946560591517252,1
84,【アニメ】「もしも」の世界に行ったらどうなるのか？【漫画動画】,0.20380555394739383,0.18884120171673818,0.16328942924687606,1.0,0.0,2,-0.1658978587329376,0.045770595069076325,2
85,【犬鳴村】日本最凶の心霊スポットがヤバすぎる・・・【漫画動画】【アニメ】,0.16860610972809204,0.13182096873083998,0.20584262073623777,1.0,0.0,2,-0.17058540742330086,0.005012835266853738,2
86,【バトロワ】ゲーム初心者がトッププレイヤーを倒す意外な戦術とは？【アニメ】【漫画動画】,0.2511627009398097,0.3390557939914163,0.4616683552853766,1.0,0.0,2,-0.13016802182771947,0.305230319018136,2
87,【こっくりさん 】絶対聞いてはいけない質問をした結果・・・【漫画動画】【アニメ】,0.14952044616839386,0.1367259350091968,0.10351232691658224,1.0,0.0,0,-0.17836700868324437,-0.04609214009395624,0
88,【無痛症】痛みを感じなくなった男の末路…【アニメ】【漫画動画】,0.703660819390571,1.0,0.6428571428571429,1.0,0.0,5,-0.028171444317478096,1.0926363639674221,5
89,【リア充】モテる男になる為に実践するべき事とは・・【漫画動画】【アニメ】,0.12460680445396476,0.1477621091354997,0.12310030395136778,1.0,0.0,0,-0.17810016732809805,-0.04355869004146512,0
90,【実在】復讐代行業者になるとどうなるのか？【アニメ】【漫画動画】,0.15530982844130534,0.1489883507050889,0.08122255994596421,1.0,0.0,0,-0.17835837831446874,-0.04396236387595341,0
91,【地獄】鬼軍曹のいる軍隊に入るとどうなるのか？【アニメ】【漫画動画】,0.110268434358054,0.06437768240343347,0.11499493414387033,1.0,0.0,0,-0.186680777416449,-0.11316784927327471,0
92,勘違い男がジャ○ーズ面接に受かった方法とは…？【アニメ】【漫画動画】,0.13153476524054886,0.1091354996934396,0.07936507936507937,1.0,0.0,0,-0.18364156271784202,-0.08561429923377904,0
93,魔法のメガネを手にした男の夢ある行動とは…【アニメ】【漫画動画】,0.332503521874216,0.3684855916615573,0.1833839918946302,1.0,0.0,2,-0.13964260011534196,0.2503455921339034,2
94,【アニメ】たった１人で絶対悪に立ち向かった男…【漫画動画】,0.35257338042030917,0.3237277743715512,0.2429922323539345,0.0,1.0,4,0.9548204575776529,0.02372559683140653,4
95,【ストーリー編】第３話「天使の本音」【アニメ】【漫画動画】,0.31664061444643854,0.21275291232372778,0.19807497467071936,1.0,1.0,1,0.832661329878349,0.020787384660108037,1
96,【闇医者】無免許医師が子供を手術した結果…【アニメ】【漫画動画】,0.22431926513441017,0.3464132434089516,0.14184397163120568,1.0,0.0,2,-0.15260378783153322,0.1578707250927021,2
97,女性脳と男性脳の考え方の違いは…？【アニメ】【漫画動画】,0.1302032073177792,0.08951563458001226,0.19030732860520097,1.0,0.0,0,-0.17810521872826585,-0.05224490582106331,0
98,イラっとする匂わせ投稿をした男の末路【アニメ】【漫画動画】,0.16202551187788264,0.1630901287553648,0.15940560621411687,1.0,0.0,0,-0.17153933335810298,0.0032572905392627906,0
99,繰り返す日から抜け出す唯一の方法とは◯ることだった...？【アニメ】【漫画動画】,0.05484474806538142,0.03126916002452483,0.07193515704154002,1.0,0.0,0,-0.19656169245834532,-0.18516514670211773,0
100,「お前とは妥協して付き合ってる」口が悪い男が彼女に取った行動とは…【アニメ】【漫画動画】,0.13107161465871592,0.18148375229920294,0.21293481931779806,1.0,0.0,2,-0.16890498356355005,0.02225715384477172,2
101,新型ウイルスに感染するとどうなるのか？【アニメ】【漫画動画】,0.16513248036434514,0.19742489270386265,0.16160081053698078,1.0,0.0,2,-0.16829825745192747,0.02989838852526987,2
102,カルト宗教に入るとどうなるのか？【アニメ】【漫画動画】,0.11196665315810803,0.0815450643776824,0.09895305639986493,1.0,0.0,0,-0.18617240293899742,-0.10715428595333067,0
103,彼女になった瞬間豹変！彼氏を調教する彼女とは…？【アニメ】【漫画動画】,0.09019857581196086,0.07234825260576333,0.09236744343127323,1.0,0.0,0,-0.18905972166348187,-0.1283211138594459,0
104,５億年ボタンを押したらどうなるのか？【アニメ】【漫画動画】,0.4415561859549586,0.7510729613733905,0.466903073286052,1.0,0.0,5,-0.08076676874508626,0.6995366055409611,5
105,「パパラッチ」スクープを撮るために犯罪行為を繰り返す男の末路【アニメ】【漫画動画】,0.1677377023871553,0.27406499080318825,0.10081053698074977,1.0,0.0,2,-0.16570567709171852,0.05868913021709995,2
106,「多重人格」昼と夜で二つの性格を持つとどうなるのか？【アニメ】【漫画動画】,0.20287925278372798,0.17167381974248927,0.10300574130361365,1.0,0.0,2,-0.17134902792998705,0.007287193815590713,2
107,【新キャラ】転校してきた美少女と付き合う方法【アニメ】【漫画動画】,0.2686466354040024,0.2673206621704476,0.3426207362377575,1.0,1.0,1,0.8429467362070102,0.09497574817787528,1
108,【失敗率９４％】「脱サラ」して店を始めるとどうなるのか？,0.10150716918504796,0.10116492949110974,0.09777102330293821,1.0,0.0,0,-0.18543032387923966,-0.09966991148719542,0
109,【肉体強化】「昆虫食」の知られざる世界とは【アニメ】【漫画動画】,0.24631891777147383,0.34947884733292456,0.2098953056399865,1.0,0.0,2,-0.14617969892290578,0.2013672249260647,2
110,「地下格闘技」でヒョロガリ男が優勝！？その驚きの方法とは...？【アニメ】,0.09533182809394238,0.134886572654813,0.0530226274907126,1.0,0.0,0,-0.18603810252970446,-0.09876216455424612,0
111,大ハーレム！？異世界で美少女を従わせてやりたい放題する男の末路【アニメ】【漫画動画】,0.08990910669831528,0.11587982832618025,0.07514353259034111,1.0,1.0,1,0.7989362078994573,-0.22385336753456167,1
112,【現実逃避】VRの世界から帰れなくなった男の末路...【漫画動画】【アニメ】,0.12690325942221967,0.1220110361741263,0.07480580884836205,1.0,0.0,0,-0.18322916856406385,-0.08111258772473678,0
113,【監禁】囚われた姫を冴えない男が助け出すとどうなるのか？【漫画動画】【アニメ】,0.28771300102279085,0.2998160637645616,0.20145221209050998,1.0,1.0,1,0.8378776088810935,0.06727535460469103,1
114,【閲覧注意】蜘蛛を退治してしまっただけなのに…【アニメ】,0.18377429128312012,0.2017167381974249,0.1475852752448497,1.0,0.0,2,-0.16741203367508184,0.03705004743398657,2
115,地球を掘り進めるとどうなるのか？【漫画】【アニメ】,0.18713213300140877,0.31943592887798894,0.1330631543397501,1.0,0.0,2,-0.15831150548754816,0.11490115475209801,2
116,予防接種ワクチンを１度も打たなかったらどうなるのか？【アニメ】【漫画動画】,0.1481309944228951,0.18516247700797056,0.20229652144545762,1.0,0.0,2,-0.1679713024274098,0.02957053939416323,2
117,少女をトップに輝かせるために「育成」に人生を捧げた男【アニメ】【漫画動画】,0.11073158493988691,0.1477621091354997,0.12951705504896996,1.0,0.0,0,-0.17875725268330359,-0.04837940328220948,0
118,面接に受かるためなら靴をも舐める！絶対に面接官に気に入られる方法とは？【アニメ】【漫画動画】,0.03707134448754318,0.03065603923973022,0.03579871664978049,1.0,0.0,0,-0.20036168555984515,-0.21088355362259326,0
119,人の視線を気にしすぎる男の末路【アニメ】【漫画動画】,0.05735348038364306,0.04230533415082771,0.05200945626477542,1.0,0.0,0,-0.19675490917102537,-0.1846672314516485,0
120,密室に閉じ込められるとどうなるのか？【アニメ】【漫画動画】,0.18929350238329573,0.1649294911097486,0.10452549814251944,1.0,0.0,0,-0.17286557929838833,-0.004199161950488755,0
121,もし実際にクローン人間が作られたら・・・【アニメ】【漫画動画】,0.11295084814450299,0.10300429184549355,0.08054711246200609,1.0,0.0,0,-0.18551745349640017,-0.09955031978927142,0
122,【ホラー】ひとり隠れんぼをするとどうなるのか？【アニメ】【漫画動画】,0.2377506320075648,0.43654199877375843,0.1722391084093212,1.0,0.0,2,-0.14207166794433862,0.2413031746145557,2
123,他人の罪をかぶるとどうなるのか？【アニメ】【漫画動画】,0.11316312549450974,0.10300429184549355,0.056906450523471805,1.0,0.0,0,-0.1870504900808073,-0.10962200818518467,0
124,シュールストレミングが起こした事件とは…【アニメ】【漫画動画】,0.07879349273432525,0.07786633966891476,0.06180344478216819,1.0,0.0,0,-0.19148987251354588,-0.14387131339632983,0
125,【ストーリー編】第４話「想定外のバグ」【アニメ】【漫画動画】,0.3372315173970937,0.28877988963825874,0.18625464370145223,1.0,1.0,1,0.8398095651431058,0.08008606651140787,1
126,混浴風呂で知り合いと出会うとどうなるのか？【アニメ】【漫画動画】,0.46008220922827536,0.5266707541385652,0.34515366430260047,1.0,0.0,5,-0.10597312256700189,0.5003645874367874,5
127,危険過ぎる「リゾートバイト」に参加した結果…【都市伝説】【漫画動画】【怖い話】,0.08660915880275574,0.05702023298589822,0.06805133400878083,1.0,0.0,0,-0.19220724828557842,-0.15147506163643037,0
128,1000年間「冷凍保存」されたらどうなるのか？【アニメ】【漫画動画】,0.32831586869681006,0.4855916615573268,0.1440391759540696,1.0,1.0,1,0.8527203879629389,0.19457019540172252,1
129,【恋愛フラグ】第一印象が最悪な人との付き合い方【アニメ】【漫画動画】,0.1258804685540053,0.13733905579399142,0.11854103343465047,0.0,0.0,3,-0.07197346573107763,-0.16573556288496943,3
130,「レンタル彼女」にハマり過ぎた男の末路【アニメ】【漫画動画】,0.13909955807715318,0.1367259350091968,0.11229314420803785,1.0,0.0,0,-0.17860084818090582,-0.048005502089569906,0
131,「霊感商法」にハマるとどうなるのか【アニメ】【漫画動画】,0.1638202203824852,0.11649294911097485,0.1850726106045255,1.0,1.0,1,0.8119330727224656,-0.13564263074540847,1
132,村人Aが主人公を倒してしまうとどうなるのか...【アニメ】【漫画動画】,0.29228661301839093,0.3120784794604537,0.1767983789260385,1.0,1.0,1,0.8376368595505482,0.06772166163776618,1
133,ドーピングをするとどうなるのか？【アニメ】【漫画動画】,0.17074818116906929,0.25996321275291234,0.09202971968929416,1.0,0.0,2,-0.16722034414021839,0.04669534433178917,2
134,「雑魚は端を歩けww」会社で威張り散らしている上司の大転落！？,0.0602481715200988,0.10177805027590435,0.055555555555555566,1.0,0.0,0,-0.19135086617868446,-0.13999122016767238,0
135,糖質制限ダイエットのヤバ過ぎる実態...【アニメ】【漫画動画】,0.33300526833786837,0.6235438381361128,0.36119554204660587,1.0,0.0,5,-0.10673390826424217,0.5055055032295421,5
136,寄生虫が人間の体に入るとどうなるのか【アニメ】【漫画動画】,0.3027267990505413,0.5493562231759657,0.15467747382641,1.0,0.0,5,-0.1287925308401147,0.34810477633197695,5
137,パパ活をするとどうなるのか【アニメ】【漫画動画】,0.24145583666222817,0.33476394849785407,0.16193853427895982,1.0,0.0,2,-0.15092467547709162,0.1677576919444899,2
138,野菜を全く食べないとどうなるのか【アニメ】【漫画動画】,0.17103765028271484,0.28080931943592885,0.29044241810199256,1.0,0.0,2,-0.15245900326966902,0.1469271637372098,2
139,トイレを我慢しすぎるとどうなるのか【アニメ】【漫画動画】,0.15156602790482257,0.1324340895156346,0.18321513002364068,1.0,0.0,0,-0.173341006527088,-0.013626060202914854,0
140,駆け落ちをするとどうなるのか【アニメ】【漫画動画】,0.09668268395762172,0.0815450643776824,0.05538669368456603,1.0,0.0,0,-0.19021504029607592,-0.13428500703923346,0
141,「ゾンビ」が大量発生したときの対処法【アニメ】【漫画動画】,0.34346475231092843,0.4763948497854077,0.15940560621411687,1.0,0.0,5,-0.1313873010304414,0.3214224571056283,5
142,食肉工場で働くとどうなるのか【アニメ】【漫画動画】,0.26349408518111117,0.3114653586756591,0.15214454576156705,1.0,0.0,2,-0.15179285548355698,0.1593026709427871,2
143,結婚が出来ない人間の意外な特徴【アニメ】【漫画動画】,0.13933113336806965,0.10606989576946657,0.12310030395136778,1.0,0.0,0,-0.18042439870063917,-0.06464702132115277,0
144,サンタを信じた男が「政治家」になった話【アニメ】【漫画動画】,0.07248306605685173,0.05518087063151441,0.0839243498817967,1.0,0.0,0,-0.19241700251147673,-0.1536433585895426,0
145,強豪野球部に入部した末路【アニメ】【漫画動画】,0.26837646423126654,0.3562231759656652,0.20398514015535293,1.0,0.0,2,-0.14429292279929695,0.21559333124317784,2
146,日光を浴びないとどうなるのか？【アニメ】【漫画動画】,0.10918774966711052,0.08338442673206621,0.13897331982438366,1.0,0.0,0,-0.18361212077390582,-0.0901416659480398,0
147,ダメ人間を変えた「たった１つの方法」とは？【アニメ】【漫画動画】,0.08124433122985777,0.09871244635193133,0.0695710908476866,1.0,0.0,0,-0.1890564642598885,-0.124614710720223,0
148,誰でも出来る「カンニング」をした男の末路【アニメ】【漫画動画】,0.30129875142322315,0.31085223789086447,0.22509287402904424,1.0,1.0,1,0.8414002810557277,0.09260393672447456,1
149,【水中毒】水を大量に飲みすぎて死んだ男【アニメ】【漫画動画】,0.19672320963353213,0.384426732066217,0.1529888551165147,1.0,0.0,2,-0.15085478388814877,0.17415348317883161,2
150,ブラックホールに飲み込まれるとどうなるのか？【アニメ】【漫画動画】,0.13622416488160716,0.10423053341508276,0.11279972982100642,1.0,0.0,0,-0.18149385606071555,-0.07207015475077568,0
151,転売ヤーになったらどうなるのか？【アニメ】【漫画動画】,0.06435863293386596,0.04843654199877376,0.053866936845660254,1.0,0.0,0,-0.19557910160694833,-0.17575178226552005,0
152,雨が降り続けたらどうなるのか？【アニメ】【漫画動画】,0.3011057720141261,0.3654199877375843,0.25278622087132724,1.0,1.0,1,0.8477392541607868,0.14256982854754977,1
153,「海」はどのくらい深いのか？【アニメ】【漫画動画】,0.13659082575889153,0.1109748620478234,0.09810874704491726,1.0,1.0,1,0.8036591861456313,-0.19186259987964993,1
154,もしも「余命」が見えたらどうなるのか？【アニメ】【漫画動画】,0.3900113857851367,0.45309625996321273,0.23117190138466734,1.0,0.0,5,-0.12500608894442694,0.36151455883398637,5
155,蚊が絶滅したらどうなるのか？【アニメ】【漫画動画】,0.08649337115729752,0.07357449417535254,0.0834177642688281,1.0,0.0,0,-0.18983210998772104,-0.1333466239829239,0
156,サッカー未経験者が「プロ契約」をしたらどうなるのか？【アニメ】【漫画動画】,0.12177000714023813,0.09012875536480686,0.04441067207024654,1.0,0.0,0,-0.18827199272729137,-0.11930000513752427,0
157,もし性別が入れ替わったらどうなるのか？【アニメ】【漫画動画】,0.3395279723653486,0.3531575720416922,0.16548463356973997,1.0,0.0,2,-0.1415451762755305,0.23575977882649923,2
158,生き埋めになったらどうなるか？【アニメ】【漫画動画】,0.13425577490881724,0.10729613733905578,0.08899020601148261,1.0,0.0,0,-0.18295234124722798,-0.08126430438859972,0
159,美少女ヒーローは「決・戦」から生き残るのか？【アニメ】【漫画動画】,0.18811632798780373,0.18700183936235437,0.2480580884836204,1.0,0.0,2,-0.16171326415645454,0.0724376939611162,2
160,地球最後の一人になったらどうなるのか？【アニメ】【漫画動画】,0.17725158725563983,0.15021459227467812,0.09827760891590681,1.0,1.0,1,0.8100921828795299,-0.1421349993510781,1
161,「北極」と「南極」の違いとは？【アニメ】【漫画動画】,0.14180126980451188,0.13059472716125076,0.2048294495103006,1.0,0.0,0,-0.17283570856836455,-0.010935730351296635,0
162,「1秒で億稼ぐ！！！」FXでたまたま大富豪になった男の末路....【アニメ】【漫画動画】,0.11540168664003551,0.11649294911097485,0.12833502195204324,1.0,0.0,0,-0.1810728963621041,-0.06818941017483271,0
163,カップルYouTuberになるとどうなるのか？【アニメ】【漫画動画】,0.24795924274879874,0.39852851011649293,0.12141168524147247,1.0,0.0,2,-0.14777211884019917,0.19841336949195867,2
164,世界から電気が無くなったらどうなるのか？【アニメ】【漫画動画】,0.19265134410158438,0.16922133660331085,0.14657210401891255,0.0,0.0,3,-0.062298279221198814,-0.09486796060468426,3
165,惚れ薬を飲むとどうなるのか【アニメ】【漫画動画】,0.28099731758621355,0.19987737584304108,0.18270854441067208,1.0,0.0,2,-0.15771169020595155,0.10405506844165495,2
166,首都直下地震が起きたらどうなるのか【アニメ】【漫画動画】,0.50097454601594,0.5150214592274678,0.2990543735224586,1.0,0.0,5,-0.10678759744976717,0.49471378582015335,5
167,日常で気づかない犯罪【アニメ】【漫画動画】,0.19801617167448235,0.17106069895769466,0.17561634582911181,1.0,1.0,1,0.8185080236241097,-0.08288469372959552,1
168,YouTuberの老後はどうなるのか？【アニメ】【漫画動画】,0.2518960226943785,0.3893316983445739,0.2026342451874367,1.0,0.0,2,-0.1429075999795898,0.22914028395114597,2
169,地球から重力がなくなったらどうなるのか？【アニメ】【漫画動画】,0.24967675948976245,0.28816676885346415,0.1386355960824046,1.0,1.0,1,0.8298371183222072,0.011267967718691672,1
170,地球最後の日に人間は何をするのか？【アニメ】【漫画動画】,0.15312916111850866,0.15511955855303494,0.18101992570077677,1.0,0.0,0,-0.171476565411452,0.0021373256013823257,0
171,休んだ方が良いサイン5選【アニメ】【漫画動画】,0.2114861344294564,0.11894543225015326,0.17916244511989193,1.0,0.0,2,-0.1700746735690497,0.007960246978028942,2
172,動物と話せるようになったらどうなるのか？【アニメ】【漫画動画】,0.18406376039676567,0.20784794604537093,0.15636609253630532,1.0,0.0,2,-0.1663040354457236,0.04527740467719772,2
173,【特別編】絶海孤島の刑務所からの脱獄【Plottコラボ】【アニメ】【漫画動画】,0.3675871784480596,0.32924586143470264,0.23319824383654172,1.0,1.0,1,0.8486100173304576,0.14519378811302713,1
174,恋愛シミュレーションゲームの世界に入るとどうなるのか？【アニメ】【漫画動画】,0.12954707732684925,0.13611281422440222,0.0783519081391422,1.0,0.0,0,-0.18161844844334535,-0.06828330264882894,0
175,太陽が無くなったらどうなるのか？【アニメ】【漫画動画】,0.21648430112506997,0.21091354996934397,0.12462006079027357,0.0,0.0,3,-0.058418196772361076,-0.062159365930690186,3
176,返事を全て「YES」にしたらどうなるのか？【アニメ】【漫画動画】,0.09587217043941411,0.06683016554261188,0.06686930091185411,0.0,1.0,4,0.9019707705379814,-0.37206333274441333,4
177,落雷が直撃するとどうなるのか？【アニメ】【漫画動画】,0.29433219475481964,0.3525444512568976,0.2036474164133739,1.0,1.0,1,0.8429214090662168,0.10869191120992149,1
178,核ミサイルが日本に落ちたらどうなるのか？【アニメ】【漫画動画】,0.277697369690654,0.29491109748620475,0.1788247213779129,1.0,0.0,2,-0.15031789713844687,0.16699588397543863,2
179,エナジードリンクを飲み続けるとどうなるのか？【アニメ】【漫画動画】,0.16760261680078736,0.1477621091354997,0.15315771698750424,1.0,1.0,1,0.8127358775836573,-0.12547425865325507,1
180,男女が手錠で繋がれるとどうなるのか？【アニメ】【漫画動画】,0.36812752079353134,0.4475781729000613,0.25396825396825395,1.0,0.0,5,-0.12567057705380527,0.35551738576359854,5
181,もし人間と動物の立場が逆転したらどうなるのか？【アニメ】【漫画動画】,0.16704297651440592,0.17903126916002451,0.12749071259709557,1.0,1.0,1,0.8136109590804799,-0.11498731995412104,1
182,世界に男が1人になったらどうなるのか？【アニメ】【漫画動画】,0.26685192689939985,0.29429797670141017,0.16396487673083418,1.0,0.0,2,-0.1521852329539069,0.15423415257687897,2
183,運命の相手の見つけるにはどうしたら良いのか？【アニメ】【漫画動画】,0.10849302379436114,0.08951563458001226,0.06129685916919961,1.0,1.0,1,0.7972791127120644,-0.23808597424852884,1
184,もしも恐竜が絶滅しなかったらどうなるのか？【アニメ】【漫画動画】,0.10737374322159826,0.10974862047823421,0.06264775413711585,0.0,1.0,4,0.9061572288079248,-0.3375988151511988,4
185,幼児化するとどうなるのか？【アニメ】【漫画動画】,0.36393986761612535,0.3034947884733292,0.20415400202634246,0.0,1.0,4,0.9514747038903588,-0.0009378009346876804,4
186,魔法のランプを拾うとどうなるのか？【アニメ】【漫画動画】,0.07404619927053784,0.0698957694665849,0.059608240459304296,1.0,1.0,1,0.7928610620918402,-0.2713589283350427,1
187,10日間寝ないとどうなるのか？【アニメ】【漫画動画】,0.14948185028657443,0.14530962599632127,0.11111111111111113,1.0,0.0,0,-0.1771579757974913,-0.03683950153640428,0
188,【祝】全力回避フラグちゃん１周年記念動画【アニメ】【漫画動画】,0.32075107586020574,0.2679337829552422,0.40797028031070587,1.0,0.0,2,-0.1341985611544993,0.2704285433834878,2
189,動物に育てられるとどうなるのか？【アニメ】【漫画動画】,0.3363245141743376,0.37400367872470874,0.21411685241472478,1.0,1.0,1,0.8486540394203475,0.15115973489165221,1
190,1ヶ月お風呂に入らないとどうなるのか？【アニメ】【漫画動画】,0.23371736235743648,0.31759656652360513,0.14657210401891255,0.0,1.0,4,0.9387592419171272,-0.0870927372451492,4
191,歴史上最も美しい女性は誰なのか？【アニメ】【漫画動画】,0.1340627954997202,0.12017167381974249,0.11330631543397501,1.0,0.0,0,-0.18030257971495833,-0.061892325914341,0
192,酸素が5秒間なくなったらどうなるのか？【アニメ】【漫画動画】,0.24120496343040201,0.26670754138565295,0.1727456940222898,1.0,0.0,2,-0.15589656350484474,0.12471343762600984,2
193,パチンコ依存症になるとどうなるのか？【アニメ】【漫画動画】,0.163048302746097,0.17290006131207847,0.18456602499155692,1.0,0.0,2,-0.16899479342209214,0.02151527334686895,2
194,【ストーリー編】第5話「損な役回り」【アニメ】【漫画動画】,0.23358227677106855,0.2004904966278357,0.16649780479567716,1.0,0.0,2,-0.16240588815874404,0.07157460489085224,2
195,人気作家の担当編集になるとどうなるのか？【アニメ】【漫画動画】,0.05073428665161428,0.04291845493562232,0.043735224586288424,1.0,1.0,1,0.7877661576798162,-0.3097988638971162,1
196,10年後確実に起きること【アニメ】【漫画動画】,0.1676412126826068,0.1649294911097486,0.1440391759540696,1.0,0.0,0,-0.1719573662192799,0.0009910343687806844,0
197,巨人になるとどうなるのか？【アニメ】【漫画動画】,0.21179490148401167,0.4273451870018393,0.1060452549814252,1.0,1.0,1,0.8363352565407709,0.07378363260675996,1
198,完全無音の部屋「無響室」に閉じ込められるとどうなるのか？【アニメ】【漫画動画】,0.14552577240008494,0.11220110361741262,0.08797703478554543,1.0,0.0,0,-0.18173544076561324,-0.07211124765268451,0
199,体の一部が入れ替わるとどうなるのか？【アニメ】【漫画動画】,0.19948281518361993,0.2004904966278357,0.1153326578858494,1.0,0.0,2,-0.1684079618037773,0.030882311374888827,2
200,透明人間になったらどうなるのか？【アニメ】【漫画動画】,0.3367683668152608,0.592274678111588,0.1865923674434313,1.0,1.0,1,0.8650396443794431,0.2920896816128497,1
201,治験バイトをするとどうなるのか？【アニメ】【漫画動画】,0.09730021806673228,0.06928264868179031,0.043397500844309364,1.0,0.0,0,-0.19197286337339328,-0.14768418035262793,0
202,特殊清掃員になるとどうなるのか？【アニメ】【漫画動画】,0.11827707983558154,0.11955855303494788,0.07919621749408984,1.0,0.0,0,-0.1838153753250814,-0.08565077458437412,0
203,感覚が100倍になるとどうなるのか？【アニメ】【漫画動画】,0.2584959184854976,0.17290006131207847,0.22070246538331648,1.0,0.0,2,-0.15921294220855697,0.08927176995258752,2
204,ホームレスになるとどうなるのか【アニメ】【漫画動画】,0.22312279279800848,0.3703249540159411,0.10283687943262412,1.0,0.0,2,-0.15326451616435535,0.15711859887056226,2
205,1年中コンタクトを付けっぱなしにするとどうなるのか？【アニメ】【漫画動画】,0.1685675138462726,0.14285714285714285,0.1143194866599122,1.0,0.0,0,-0.17566931562202742,-0.02673625985619527,0
206,デスゲームに参加するとどうなるのか？【アニメ】【漫画動画】,0.42445821030896,0.5076640098099325,0.3169537318473489,1.0,0.0,5,-0.11216928536102,0.45545171821835206,5
207,好感度が数値で見えたらどうなるのか【アニメ】【漫画動画】,0.3019162855323337,0.4058859595340282,0.19571090847686595,1.0,1.0,1,0.8474270677017682,0.14669833391504136,1
208,1ヶ月断食するとどうなるのか？【アニメ】【漫画動画】,0.18942858796966366,0.20110361741263028,0.179500168861871,1.0,1.0,1,0.8205944943527398,-0.06490918191811197,1
209,どこでもドアに入るとどうなるのか？【アニメ】【漫画動画】,0.20776163183388335,0.2427958307786634,0.1717325227963526,1.0,0.0,2,-0.1605493866753775,0.08928064515107934,2
210,男女がエレベーターに閉じ込められるとどうなるのか【アニメ】【漫画動画】,0.2605222022810166,0.37155119558553035,0.126984126984127,1.0,0.0,2,-0.14867502865101145,0.18882894019066987,2
211,胸が大きくなるとどうなるのか？【アニメ】【漫画動画】,0.358729423570505,0.29000613120784796,0.24974670719351574,1.0,0.0,2,-0.13978365277501884,0.23843348164720013,2
212,少年院に入るとどうなるのか？【アニメ】【漫画動画】,0.20888091240664622,0.22011036174126303,0.13728470111448837,1.0,1.0,1,0.8209192564440823,-0.05918273519969446,1
213,死亡フラグの1DAYルーティン【アニメ】【漫画動画】,0.7108782492908007,0.5481299816063764,0.39209726443769,1.0,0.0,5,-0.0816322824143948,0.6727093023142462,5
214,【クリスマス】サンタさんの代わりにプレゼントを配るとどうなるのか？【アニメ】【漫画動画】,0.17225342056002627,0.11526670754138564,0.13053022627490712,1.0,0.0,0,-0.1766154067384038,-0.037018036451086055,0
215,【特別編】登録者争奪バトル#03「大混戦」【Plottコラボ】【アニメ】,0.46176113008741965,0.5677498467198038,0.4040864572779466,1.0,1.0,1,0.8869633786106581,0.4370135718833876,1
216,恋愛リアリティ番組に出るとどうなるのか？【アニメ】【漫画動画】,0.11372276578089117,0.108522378908645,0.0839243498817967,1.0,1.0,1,0.8007493478368242,-0.2121918665228388,1
217,光の速度で移動するとどうなるのか？【アニメ】【漫画動画】,0.21517204114321004,0.18148375229920294,0.2021276595744681,1.0,0.0,2,-0.16308136564008477,0.0635798813662892,2
218,【10分(未満)で分かる】全力回避フラグちゃん！総集編2020【アニメ】【漫画動画】,0.07476022308419691,0.03862660944206009,0.11347517730496454,1.0,0.0,0,-0.1916801746400998,-0.1512333992752882,0
219,サウナに閉じ込められたらどうすればいいのか？【アニメ】【漫画動画】,0.2667940330766707,0.2673206621704476,0.24940898345153664,1.0,1.0,1,0.8366932956249902,0.05379405248047393,1
220,大食いYouTuberになるとどうなるのか？【アニメ】【漫画動画】,0.22979988035276638,0.2679337829552422,0.21394799054373523,1.0,1.0,1,0.8315467194460313,0.018715234760970464,1
221,クジラに飲み込まれるとどうなるのか？【アニメ】【漫画動画】,0.36478897701615237,0.7608828939301042,0.2359000337723742,1.0,0.0,5,-0.10105427598550419,0.5648731799619146,5
222,男女の友情関係が成立しない理由【アニメ】【漫画動画】,0.12393137652212509,0.12078479460453707,0.10334346504559272,1.0,0.0,0,-0.1816914897968846,-0.07129634696283564,0
223,冷凍室に閉じ込められるとどうなるのか？【アニメ】【漫画動画】,0.25839942878094907,0.2716125076640098,0.22239108409321176,0.0,0.0,3,-0.04370553164805852,0.0453126365509845,3
224,【究極の選択】金と人の命はどちらが大事なのか…？【アニメ】【漫画動画】,1.0,0.5334150827713059,1.0,1.0,1.0,1,0.9649708905512672,0.9640908966085586,1
225,警察学校に入るとどうなるのか？【アニメ】【漫画動画】,0.1986337057835929,0.1637032495401594,0.13677811550151978,1.0,1.0,1,0.8153983665985627,-0.10442617461743137,1
226,【トロッコ問題】5人を助ける為に他の1人を犠牲にしてもよいのか【アニメ】【漫画動画】,0.13323298404060288,0.10668301655426118,0.13762242485646742,1.0,0.0,0,-0.1798951858969927,-0.061294350264547263,0
227,【ストーリー編】第6話「最高のオモチャ」【アニメ】【漫画動画】,0.24060672726220114,0.18516247700797056,0.2595406957109085,1.0,1.0,1,0.8284897365959453,-0.013577107300066248,1
228,メイドになるとどうなるのか？【アニメ】【漫画動画】,0.25255215268530845,0.30410790925812387,0.22559945964201286,1.0,1.0,1,0.8370864237594479,0.06145757435395399,1
229,死刑執行人になるとどうなるのか【アニメ】【漫画動画】,0.3529979351203227,0.29675045984058857,0.29044241810199256,1.0,1.0,1,0.8485260671543943,0.1391754468765485,1
230,男子が1人で女子校に入学するとどうなるのか？【アニメ】【漫画動画】,0.2718693915359231,0.29491109748620475,0.21361026680175618,1.0,0.0,2,-0.14849053496074668,0.17880011113995692,2
231,人類が滅亡したらどうなるのか？【アニメ】【漫画動画】,0.12792605029043402,0.15450643776824036,0.1661600810536981,1.0,1.0,1,0.8110674638544171,-0.13684966841647833,1
232,タトゥーを入れるとどうなるのか？【アニメ】【漫画動画】,0.11576834751731989,0.18209687308399755,0.15940560621411687,1.0,0.0,0,-0.17355113559816754,-0.008749017603880856,0
233,税金がなくなるとどうなるのか？【アニメ】【漫画動画】,0.1509870896775314,0.12875536480686695,0.23387369132049987,1.0,1.0,1,0.815154956221715,-0.11305827903539914,1
234,毒親になるとどうなるのか【アニメ】【漫画動画】,0.20727918331114073,0.1649294911097486,0.18321513002364068,1.0,0.0,2,-0.16631095369132445,0.03954473820870953,2
235,プロゲーマーになるとどうなるのか？【アニメ】【漫画動画】,0.1485362511819989,0.17106069895769466,0.1320499831138129,1.0,0.0,0,-0.17371707583231033,-0.01033573205370486,0
236,「全力回避フラグちゃん」人気動画投票結果発表【アニメ】【漫画動画】,0.13379262432698433,0.041079092581238506,0.11752786220871328,1.0,0.0,0,-0.1866255802364946,-0.11549828386857819,0
237,共感覚になるとどうなるのか？【アニメ】【漫画動画】,0.15492386962311122,0.10668301655426118,0.1420128335021952,1.0,1.0,1,0.8076037925931011,-0.16591888142722305,1
238,5秒ボタンを押すとどうなるのか？【アニメ】【漫画動画】,0.13479611725428897,0.1630901287553648,0.11989192840256671,1.0,0.0,0,-0.17624412384048052,-0.028657847663578487,0
239,東京がロックダウンするとどうなるのか？【アニメ】【漫画動画】,0.07184623400683147,0.059472716125076645,0.11009793988517394,1.0,0.0,0,-0.1903939354627438,-0.1397126878872307,0
240,筋トレしすぎるとどうなるか【アニメ】【漫画動画】,0.1169069260309925,0.0956468424279583,0.12715298885511653,1.0,1.0,1,0.8027591185857194,-0.20082063912630488,1
241,生まれて一度も教育を受けないとどうなるのか【アニメ】【漫画動画】,0.23095775680734867,0.22501532801961988,0.15062478892266126,1.0,1.0,1,0.8239162931562936,-0.037935864989030885,1
242,同棲するとどうなるのか？【アニメ】【漫画動画】,0.17406742700553854,0.14224402207234826,0.14775413711583926,1.0,0.0,0,-0.17310167276136923,-0.009749432025500335,0
243,バレンタインでチョコをもらうにはどうすればいいのか⁉【アニメ】【漫画動画】,0.3197861788147205,0.2575107296137339,0.3189800742992232,1.0,0.0,2,-0.14097331687079379,0.2242667903566011,2
244,【エクストリーム授業】今YouTubeで最も勢いのあるアニメ「全力回避フラグちゃん！」を全力解説してみた！【アニメ】【漫画動画】,0.08325131708446709,0.07602697731453095,0.1668355285376562,1.0,0.0,0,-0.18441231917661363,-0.09745692209604746,0
245,アメリカの刑務所に入るとどうなるのか【アニメ】【漫画動画】,0.37136957486636174,0.4451256897608829,0.1865923674434313,1.0,0.0,5,-0.1300389052235637,0.32654079735430064,5
246,【特別編】episode1「死亡フラグとコンソメ丸」【アニメ】【漫画動画】,0.21368609969316277,0.14408338442673208,0.16767983789260385,1.0,1.0,1,0.8169609858258476,-0.09659202838125855,1
247,サイボーグになるとどうなるのか？【アニメ】【漫画動画】,0.17030432852814606,0.3016554261189454,0.1800067544748396,1.0,0.0,2,-0.1580205241001944,0.11350416880233095,2
248,ゴキブリが絶滅するとどうなるのか？【アニメ】【漫画動画】,0.21140894266581758,0.21275291232372778,0.2441742654508612,1.0,1.0,1,0.827509693186073,-0.016879517830756717,1
249,みんな幼児化するとどうなるのか？【アニメ】【漫画動画】,0.370308188116328,0.513182096873084,0.3139142181695373,1.0,0.0,5,-0.11611529199343203,0.42839314909125287,5
250,【特別編】episode2「死亡フラグとコンソメ丸」【アニメ】【漫画動画】,0.18269360659217662,0.13304721030042918,0.0994596420128335,1.0,1.0,1,0.8091643950462389,-0.1506485270959754,1
251,底辺ニートのモブ男が異世界転生するとどうなるのか？【アニメ】【漫画動画】,0.05874293212914182,0.060698957694665844,0.10334346504559272,1.0,0.0,0,-0.19175237752083413,-0.14893038751988355,0
252,生身で宇宙に放り出されたらどうなるのか？【アニメ】【漫画動画】,0.08772843937551864,0.09503372164316369,0.09540695710908478,1.0,0.0,0,-0.1871654305399719,-0.11250696782284009,0
253,大阪西成あいりん地区に住むとどうなるのか？【アニメ】【漫画動画】,0.0981300295258496,0.1244635193133047,0.09371833839918947,1.0,1.0,1,0.8015061687624447,-0.20535500119218228,1
254,秘密組織のエージェントになるとどうなるのか？【アニメ】【漫画動画】,0.08446708736177849,0.07234825260576333,0.05369807497467073,1.0,0.0,0,-0.19203945734942227,-0.14811891592360435,0
255,男女がシェアハウスをするとどうなるのか？【アニメ】【漫画動画】,0.15214496613211373,0.17780502759043532,0.11600810536980752,1.0,1.0,1,0.8115992283117927,-0.1289378152611955,1
256,マナー違反すると○○される食事会…【アニメ】【漫画動画】,0.2282753430208997,0.2587369711833231,0.14285714285714288,1.0,0.0,2,-0.15952280289235454,0.09919364209447591,2
257,人間が経験する中で最もひどい痛みとは？【アニメ】【漫画動画】,0.24728381481695907,0.25076640098099323,0.23775751435325906,1.0,0.0,2,-0.1524891792858858,0.14491201322967243,2
258,ねこ化したらどうなるのか？【アニメ】【漫画動画】,0.34904185723383313,0.3654199877375843,0.2554880108071597,1.0,0.0,2,-0.13388703010233652,0.288317635918752,2
259,世界の驚くべき食虫植物4選【アニメ】【漫画動画】,0.27763947586792487,0.351931330472103,0.1975683890577508,1.0,1.0,1,0.8411754603004995,0.096517335473232,1
260,ゴミ収集員になるとどうなるのか？【アニメ】【漫画動画】,0.1289295432177387,0.15757204169221337,0.10047281323877069,1.0,0.0,0,-0.17843157656176722,-0.044090337467429776,0
261,生配信を切り忘れるとどうなるのか？【アニメ】【漫画動画】,0.2960497114957834,0.22133660331085223,0.24164133738601826,1.0,0.0,2,-0.15089492515561037,0.15267898423512943,2
262,カプセルの中から美少女が！？自分のことを好きな女の子が出てくるガチャガチャ…【アニメ】【漫画動画】,0.18894613944692104,0.22624156958920907,0.16818642350557245,1.0,1.0,1,0.8219063755069473,-0.052479699690469894,1
263,バカッターになるとどうなるのか？バイトテロを起こした男の末路【アニメ】【漫画動画】,0.08386885119357765,0.08522378908645002,0.07159743329956096,1.0,0.0,0,-0.18984175664371536,-0.1317337476961035,0
264,富士山が噴火するとどうなるのか？【アニメ】【漫画動画】,0.12122966479476639,0.09748620478234211,0.11415062478892268,1.0,0.0,0,-0.18313089122890575,-0.08439948177374332,0
265,ロボットアニメにありがちな死亡フラグ【アニメ】【漫画動画】,0.10841583203072232,0.1109748620478234,0.12124282337048295,1.0,1.0,1,0.8029871905150296,-0.19729719537551968,1
266,【コラボ】悪魔に小学生にされるとどうなるのか？【アニメ】【漫画動画】,0.21565448966595266,0.19865113427345188,0.12056737588652483,1.0,1.0,1,0.8185646933873355,-0.07768139701782456,1
267,迷惑系Youtuberになるとどうなるのか？【アニメ】【漫画動画】,0.12315945888573689,0.2470876762722256,0.17207024653833167,1.0,0.0,2,-0.16674120766016626,0.04617143670868198,2
268,男女が雪山で遭難するとどうなるのか？【アニメ】【漫画動画】,0.10017561126227832,0.08338442673206621,0.07581898007429923,1.0,0.0,0,-0.1884515243439474,-0.12228468252809217,0
269,【ストーリー編】第７話「崩壊のはじまり」【前編】【アニメ】【漫画動画】,0.22898936683455878,0.18700183936235437,0.17105707531239447,1.0,1.0,1,0.8219407780466975,-0.05677438872727633,1
270,イケメン税が導入されるとどうなるのか？【アニメ】【漫画動画】,0.16368513479611727,0.1900674432863274,0.16244511989192842,1.0,0.0,2,-0.16896730448610964,0.024328841599033618,2
271,男女で海に漂流するとどうなるのか？【アニメ】【漫画動画】,0.13466103166792104,0.1753525444512569,0.07396149949341439,1.0,0.0,0,-0.17824516314503414,-0.039954884799631746,0
272,刑務所を出所するとどうなるのか？【アニメ】【漫画動画】,0.11212103668538567,0.09319435928877988,0.05707531239446134,1.0,0.0,0,-0.18793632469245847,-0.11697509936718758,0
273,【ストーリー編】第７話後編「崩壊のはじまり」【アニメ】【漫画動画】,0.23560856056658758,0.1508277130594727,0.22222222222222224,1.0,1.0,1,0.8227996239798309,-0.05638825464791597,1
274,【サイコパス診断】あなたの隣にもいる「サイコパス」の見極め方【アニメ】【漫画動画】,0.28539724811362627,0.2532188841201717,0.24974670719351574,1.0,1.0,1,0.8369873698006844,0.05425479742680913,1
275,人類全員が同時にジャンプするとどうなるのか？【アニメ】【漫画動画】,0.26175727049923775,0.1882280809319436,0.12782843633907465,1.0,0.0,2,-0.16377210726746752,0.06174424250940751,2
276,【TikTok開設】改めて自己紹介〜死亡フラグ編〜 #Shorts【アニメ】【漫画動画】,0.38464655821223875,0.20723482526057632,0.12934819317798044,1.0,0.0,2,-0.15254691038811066,0.14286981140348423,2
277,【TikTok開設】改めて自己紹介〜モブ男編〜 #Shorts 【アニメ】【漫画動画】,0.22667361392539417,0.2029429797670141,0.05572441742654509,1.0,0.0,2,-0.16999911009826246,0.021774614482298026,2
278,人間が耐えられる最大の辛みとは？【アニメ】【漫画動画】,0.1364750381134333,0.108522378908645,0.14640324214792302,1.0,0.0,0,-0.17891484886380837,-0.05445228842299666,0
279,地球が立方体になるとどうなるのか？【アニメ】【漫画動画】,0.13890657866805614,0.10606989576946657,0.09439378588314759,1.0,0.0,0,-0.18233893804347864,-0.07724997152838264,0
280,改めて自己紹介〜生存フラグ編〜 #Shorts 【アニメ】【漫画動画】,0.18647600301047879,0.07725321888412016,0.043059777102330304,1.0,0.0,0,-0.18440585965981332,-0.0935043010063505,0
281,下着泥棒を続けた男の末路…【アニメ】【漫画動画】,0.19467762789710338,0.2814224402207235,0.15940560621411687,0.0,1.0,4,0.9335593754495511,-0.12818827964160004,4
282,クラス１の美女とニセの恋人になるとどうなるのか？【アニメ】【漫画動画】,0.07466373337964839,0.054567749846719804,0.06940222897669707,1.0,0.0,0,-0.1932504810920137,-0.15913782325150344,0
283,【かわいい貯金】美少女すぎる死亡フラグを可愛いと思うたびに100円貯金する動画【アニメ】【漫画動画】,0.2695536386267585,0.3323114653586757,0.17105707531239447,1.0,0.0,2,-0.14834867315703182,0.18533505053212887,2
284,改めて自己紹介〜恋愛フラグ編〜 #Shorts 【アニメ】【漫画動画】,0.30992493100986124,0.21949724095646841,0.06670043904086458,1.0,0.0,2,-0.16143672497568018,0.08359009816656267,2
285,交通刑務所に入るとどうなるのか？【アニメ】【漫画動画】,0.14133811922267894,0.11404046597179643,0.06231003039513679,0.0,0.0,3,-0.07639645993488206,-0.19780001939257372,3
286,「超死刑」になるとどうなるのか？【アニメ】【漫画動画】,0.26837646423126654,0.35990190067443284,0.22036474164133743,1.0,1.0,1,0.8426131693999392,0.10684749362364561,1
287,【あざとくて何が悪いの？】あざとい女子あるある【アニメ】【漫画動画】,0.149250274995658,0.07786633966891476,0.13221884498480244,1.0,1.0,1,0.8041242891739044,-0.1933812872385247,1
288,3日間水の中に閉じ込められるとどうなるのか？【アニメ】【漫画動画】,0.15970975896871806,0.21827099938687922,0.11111111111111113,1.0,1.0,1,0.8152316586111616,-0.09863075109224492,1
289,もしも嫌いな人が溺れていたら、助けますか？【アニメ】【漫画動画】,0.17796561106929892,0.22440220723482526,0.1739277271192165,1.0,0.0,2,-0.16424965510580786,0.06108112803408064,2
290,あったらヤバい！？レアな「手相」４選【アニメ】【漫画動画】,0.20635288214747488,0.1630901287553648,0.19807497467071936,1.0,0.0,2,-0.16556190528900494,0.04415650743450835,2
291,絶対に学校を休める方法５選【アニメ】【漫画動画】,0.25938362376734403,0.2550582464745555,0.21614319486659914,1.0,1.0,1,0.8329173810287132,0.02683681332247758,1
292,お酒に酔うとどうなるのか？【アニメ】【漫画動画】,0.3281614851695324,0.22746781115879827,0.3110435663627153,1.0,0.0,2,-0.14334190757481943,0.20442874999026353,2
293,”平均気温”が2度上がるとどうなるのか？【アニメ】【漫画動画】,0.20311082807464445,0.25383200490496627,0.16801756163458292,1.0,0.0,2,-0.16023614465598054,0.09285013104351392,2
294,身近にある「恥ずかしい失敗」あるある【アニメ】【漫画動画】,0.17231131438275538,0.1912936848559166,0.07615670381627829,1.0,0.0,0,-0.17385108682801298,-0.007283250409396136,0
295,【ウマ乙女】もしも女の子が競走馬になって走る世界だったら？【アニメ】【漫画動画】,0.10023350508500743,0.15573267933782955,0.16970618034447824,1.0,0.0,0,-0.17627546287634638,-0.031229220004384477,0
296,「だっせぇ名前ｗ」マウントを取りまくるキラキラネーム男の末路【アニメ】【漫画動画】,0.12130685655840522,0.0968730839975475,0.143532590341101,1.0,0.0,0,-0.18125005681536943,-0.07212387350009915,0
297,視力が10倍になるとどうなるのか？【アニメ】【漫画動画】,0.1567957698913526,0.1367259350091968,0.1391421816953732,1.0,0.0,0,-0.17546658980244378,-0.02676013451651655,0
298,実は知らない身近なものの「致死量」とは？【アニメ】【漫画動画】,0.219359694320616,0.22133660331085223,0.1364403917595407,1.0,0.0,2,-0.16374672124263387,0.06541500247595466,2
299,【かわいい貯金】生存フラグさんを可愛いと思うたびに100円貯金する動画【アニメ】【漫画動画】,0.2177772631660202,0.1477621091354997,0.14285714285714288,1.0,0.0,2,-0.16956877866212564,0.015894170380533836,2
300,【都市伝説】「きさらぎ駅」地図に乗らない駅に迷い込んだ結果…【アニメ】【漫画動画】,0.15197128466392637,0.10668301655426118,0.1430260047281324,1.0,0.0,0,-0.1780856293552521,-0.04872098566634379,0
301,氷河期が来るとどうなるのか？【アニメ】【漫画動画】,0.05658156274725487,0.03801348865726548,0.056231003039513686,1.0,0.0,0,-0.19689514698708208,-0.18626957299567248,0
302,10分ごとに記憶が消えたらどうなるのか？【アニメ】【漫画動画】,0.07184623400683147,0.03249540159411404,0.03225261735900034,1.0,0.0,0,-0.1977401998792892,-0.19211381779944697,0
303,Coming Soon🚩⚖️ #Shorts,0.03039425693278527,0.005518087063151441,0.010976021614319483,1.0,0.0,0,-0.2045981966011149,-0.24280004602984212,0
304,【コラボ】胸が大きくてよかったこと【アニメ】【漫画動画】,0.41280225399949827,0.22930717351318208,0.2036474164133739,1.0,0.0,2,-0.1436542404344838,0.20570820020979738,2
305,もしも告白された回数が可視化するとどうなるのか？【アニメ】【漫画動画】,0.1926706420424941,0.17228694052728388,0.1143194866599122,1.0,0.0,2,-0.1713493618934167,0.007009941497169744,2
306,虫歯を放置するとどうなるのか？【アニメ】【漫画動画】,0.12516644474034622,0.11404046597179643,0.06720702465383317,1.0,0.0,0,-0.18452509749037282,-0.09090738370219892,0
307,女の子の可愛い髪型５選【アニメ】【漫画動画】,0.23124722592099425,0.17044757817290007,0.5347855454238434,1.0,0.0,2,-0.1409467725525088,0.20801162536199386,2
308,寿命を縮めてしまう危険な行動５選【アニメ】【漫画動画】,0.0962195333757888,0.10423053341508276,0.14555893279297535,1.0,0.0,0,-0.18245376682194558,-0.07982446580582651,0
309,【五等分】5人の美少女から狙われるとどうなるのか？【アニメ】【漫画動画】,0.20399853335649087,0.21827099938687922,0.270516717325228,1.0,0.0,2,-0.15640677778035963,0.11265317581102907,2
310,パンダ化するとどうなるのか？【アニメ】【漫画動画】,0.16079044365966152,0.0698957694665849,0.19571090847686595,1.0,0.0,0,-0.17700730051511507,-0.04690565206395016,0
311,【コラボ】騙されました。絶対許しません【アニメ】【漫画動画】,0.27904822555433334,0.2145922746781116,0.2379263762242486,1.0,0.0,2,-0.153019881161835,0.13706929517434152,2
312,眠れない夜の死亡フラグ【アニメ】【漫画動画】,0.13319438815878348,0.05640711220110362,0.19368456602499157,1.0,0.0,0,-0.18040541870224258,-0.07229356762585486,0
313,女子を惚れさせる「モテる優しさ」【アニメ】【漫画動画】 #shorts,0.09967386479862599,0.0539546290619252,0.007936507936507933,1.0,0.0,0,-0.19538773635733447,-0.17238075416473772,0
314,女子をイラつかせる「モテない優しさ」【アニメ】【漫画動画】 #shorts,0.0973967077712808,0.07173513182096872,0.011989192840256669,1.0,0.0,0,-0.19382003107764145,-0.15945254465921427,0
315,「書いたことが本当になるノート」を手に入れたらどうなるのか？【アニメ】【漫画動画】,0.08809510025280302,0.09012875536480686,0.06332320162107397,1.0,0.0,0,-0.18964786021758484,-0.12956079263566042,0
316,女の子の可愛すぎる服装５選【アニメ】【漫画動画】,0.18499006156043152,0.10361741263028816,0.1805133400878082,1.0,0.0,0,-0.17331899039439172,-0.016656408937080033,0
317,やりたい放題！？「時間を停止できるボタン」を手に入れるとどうなるのか？【アニメ】【漫画動画】,0.14851695324108918,0.1649294911097486,0.10638297872340427,1.0,0.0,0,-0.17591089299535395,-0.025692340948444244,0
318,【ボイス動画】死亡フラグと添い寝でおやすみ。【シチュエーションボイス/添い寝/膝枕/囁き/睡眠導入】,0.13653293193616242,0.05702023298589822,0.1800067544748396,1.0,0.0,0,-0.1809916307541277,-0.07593412644047613,0
319,【初質問コーナー】登録者50万人突破記念！50の質問！【アニメ】【漫画動画】,0.5006850769022946,0.4009809932556714,0.42181695373184735,1.0,0.0,5,-0.10824921641626839,0.46775661052479917,5
320,【後編】世界から男が消えたらどうなるのか？【アニメ】【漫画動画】,0.3226422740693568,0.3525444512568976,0.15146909827760893,1.0,0.0,2,-0.14382631080993627,0.2200595240846418,2
321,【正答率10％】IQが高い人にしか解けない5つのクイズ【アニメ】【漫画動画】,0.2197649510797198,0.41446965052115264,0.052853765619723075,1.0,0.0,2,-0.15312960937858466,0.16459552126346053,2
322,タ○コプターを手に入れるとどうなるのか？【アニメ】【漫画動画】,0.13632065458615567,0.10790925812385038,0.13508949679162446,1.0,0.0,0,-0.17971939530525652,-0.059840765986722534,0
323,「早く…◯して…」ゾンビ化した恋人を救うために男が取った行動とは？【アニメ】【漫画動画】,0.13358034697697757,0.1606376456161864,0.06332320162107397,1.0,0.0,0,-0.1802503317010584,-0.055414394090445594,0
324,「早く…◯して…」ゾンビ化した恋人を救うために男が取った行動とは？【アニメ】【漫画動画】,0.13358034697697757,0.1606376456161864,0.06332320162107397,1.0,0.0,0,-0.1802503317010584,-0.055414394090445594,0
325,生徒の「遅刻の言い訳」が適当すぎます。【アニメ】【漫画動画】,0.1316698508269168,0.0698957694665849,0.07075312394461332,1.0,0.0,0,-0.1874593999929267,-0.11667618506356475,0
326,男女の体がくっついてしまうとどうなるのか？【アニメ】【漫画動画】,0.12960497114957836,0.07786633966891476,0.0921985815602837,1.0,0.0,0,-0.18555116548645745,-0.10299276997158108,0
327,将来の職業が可視化されるとどうなるのか？【アニメ】【漫画動画】,0.084042532661765,0.07234825260576333,0.06534954407294834,1.0,0.0,0,-0.19130873804718349,-0.14332992801355765,0
328,街に巨大化した美少女が現れるとどうなるのか？【アニメ】【漫画動画】,0.1071228699897721,0.10484365419987736,0.08763931104356637,1.0,0.0,0,-0.1853522544512946,-0.09839478658856086,0
329,女の子の可愛すぎる仕草５選【アニメ】【漫画動画】,0.11974372334471912,0.1477621091354997,0.09017223910840932,1.0,0.0,0,-0.18063614199009245,-0.060407543343106496,0
330,本当にあった「ブラック校則」が理不尽すぎてヤバい…【アニメ】【漫画動画】,0.2940620235820838,0.27467811158798283,0.17527862208713274,1.0,0.0,2,-0.1509622318511537,0.16027396908064306,2
331,ゴム人間になるとどうなるのか？【アニメ】【漫画動画】,0.08716879908913719,0.08093194359288779,0.0452549814251942,1.0,0.0,0,-0.19166905094581405,-0.14428119039062376,0
332,ゴム人間になるとどうなるのか？【アニメ】【漫画動画】,0.08716879908913719,0.08093194359288779,0.0452549814251942,1.0,0.0,0,-0.19166905094581405,-0.14428119039062376,0
333,男女が24時間ルーレット生活をするとどうなるのか？【アニメ】【漫画動画】,0.1794129566375268,0.2158185162477008,0.09405606214116853,1.0,0.0,2,-0.17008638811954846,0.02145329566098308,2
334,意味不明www小学校の頃あった「謎ルール」10選【アニメ】【漫画動画】,0.2933479997684247,0.3807480073574494,0.2823370482944951,1.0,0.0,2,-0.13517793856371496,0.28015135474848857,2
335,RPGの初級モンスターに転生するとどうなるのか？【アニメ】【漫画動画】,0.19844072637449586,0.2446351931330472,0.11415062478892268,1.0,0.0,2,-0.16489453343975508,0.060655737552601875,2
336,美少女と突然体が入れ替わったらどうなるのか？【アニメ】【漫画動画】,0.1563519172504294,0.1103617412630288,0.11550151975683892,1.0,0.0,0,-0.17924349294734657,-0.05561637644431028,0
337,【ストーリー編】第8話「死神No.1」【アニメ】【漫画動画】,0.2204403790115595,0.1489883507050889,0.25616345829111786,1.0,0.0,2,-0.16183329561328333,0.06703559536488918,2
338,今日は私と一緒に帰りませんか？ #shorts 【アニメ】【漫画動画】,0.2621046334356124,0.14408338442673208,0.08426207362377576,1.0,0.0,2,-0.17027252146236033,0.012307042743068325,2
339,モブなのに「厨二病」の癖すごすぎる奴wwwww【アニメ】【漫画動画】,0.08026013624346282,0.03740036787247088,0.0817291455589328,1.0,0.0,0,-0.19343578832072933,-0.16276415071054817,0
340,超難問「FBIエージェントテスト」あなたは解けましたか？【アニメ】【漫画動画】,0.161871128350605,0.14714898835070508,0.11313745356298549,1.0,0.0,0,-0.17590990678164556,-0.02790718900202439,0
341,【フラグ幼稚園】みんなでおりがみ編【アニメ】【漫画動画】,0.28616916575001444,0.3537706928264868,0.2409658899020601,1.0,0.0,2,-0.14069107975793396,0.23954359863723718,2
342,休みを無駄にしてしまう人の特徴5選【アニメ】【漫画動画】,0.0786005133252282,0.039852851011649294,0.08105369807497467,1.0,0.0,0,-0.1934049699681424,-0.16224855936121943,0
343,タワマンに住むとどうなるのか？【アニメ】【漫画動画】,0.06899013875219515,0.06621704475781728,0.07970280310705843,1.0,0.0,0,-0.19204703380399607,-0.1496591390988358,0
344,やる気が出ないとき５秒で動き出す方法【アニメ】【漫画動画】,0.10056157008047241,0.04843654199877376,0.06872678149273895,1.0,0.0,0,-0.1917932797048231,-0.14955492898525596,0
345,【宇宙人狼】裏切り者は誰だ？＃002「犯人探し」【Plottコラボ】【アニメ】,0.3219282502556977,0.22930717351318208,0.21394799054373523,1.0,0.0,2,-0.1500371574546043,0.16046386553876374,2
346,汗かきあるある【アニメ】【漫画動画】,0.1658079082961848,0.1354996934396076,0.08544410672070248,1.0,0.0,0,-0.17838825709068376,-0.04583070722409718,0
347,特別編「夏のフラグ」予告映像 【アニメ】【漫画動画】,0.07169185047955383,0.020846106683016553,0.053529213103681195,1.0,0.0,0,-0.19732657751787644,-0.19117089748311203,0
348,【フラグ幼稚園】子供のうちからYouTubeを見すぎるとどうなるのか？【アニメ】【漫画動画】,0.15739400605955345,0.11710606989576945,0.14505234718000676,1.0,0.0,0,-0.17666467448759549,-0.03759837123649772,0
349,【特別編】夏のフラグ第一話「夏だ！海だ！死亡フラグだ！」【アニメ】【漫画動画】,0.22256315251162703,0.16860821581851626,0.18186423505572444,1.0,0.0,2,-0.16490642487560736,0.04988978753131127,2
350,【特別編】夏のフラグ第二話「ビックリ！ドッキリ！肝試し！」【アニメ】【漫画動画】,0.20845635770663273,0.10545677498467197,0.23843296183721716,1.0,0.0,2,-0.16754706646156342,0.02241875240201667,2
351,【特別編】夏のフラグ第三話「夏恋花火」【アニメ】【漫画動画】,0.19139697794245356,0.1367259350091968,0.1904761904761905,1.0,0.0,2,-0.1694144781286259,0.014279247007804457,2
352,落下するエレベーターで生き残る方法【アニメ】【漫画動画】,0.1466450529728478,0.09748620478234211,0.09405606214116853,1.0,0.0,0,-0.18247400610323378,-0.07916378435833403,0
353,男女がロッカーに閉じ込められるとどうなるのか？【アニメ】【漫画動画】,0.16634825064165656,0.13059472716125076,0.11465721040189125,1.0,0.0,0,-0.17683950305983864,-0.036374205224272135,0
354,潔癖症あるある【アニメ】【漫画動画】,0.10183523418051293,0.06499080318822807,0.0634920634920635,1.0,0.0,0,-0.19066052387322036,-0.13954473349535232,0
355,ウザイ先生あるある #shorts【アニメ】【漫画動画】,0.1270383450085876,0.08031882280809319,0.019756838905775075,1.0,0.0,0,-0.19029470472143648,-0.13390014848100285,0
356,絶対にバレないオンライン授業をサボる方法【アニメ】【漫画動画】,0.11379995754453,0.06499080318822807,0.0695710908476866,1.0,0.0,0,-0.18933279023350924,-0.13038358873779082,0
357,超共感！？眠れない夜のあるある6選 #shorts 【アニメ】【漫画動画】,0.36700824022076844,0.19068056407112202,0.05268490374873354,1.0,0.0,2,-0.16031868127495452,0.08861935248177223,2
358,【前編】5歳の死神、閻魔とおつかいをする【アニメ】【漫画動画】,0.22511048071170808,0.2556713672593501,0.11567038162782844,1.0,0.0,2,-0.1618055551895118,0.08360487966262084,2
359,ママ化したらどうなるのか？【アニメ】【漫画動画】,0.25919064435824696,0.23727774371551194,0.1889564336372847,1.0,0.0,2,-0.1558850030204693,0.12096421223907733,2
360,【スカッと】人気YouTuberをパクって人気になろうとする女→本家に見つかり...【アニメ】【漫画動画】,0.5021517204114321,0.9558553034947884,0.23134076325565692,1.0,0.0,5,-0.07446702226049236,0.774273772343511,5
361,女子だらけのプール授業に一人だけ男が混ざった結果【アニメ】【漫画動画】,0.1629518130415485,0.1863887185775598,0.0970955758189801,1.0,0.0,0,-0.17361357425582788,-0.0068049724758643855,0
362,貧乏な女子高生を拾うとどうなるのか【アニメ】【漫画動画】,0.12524363650398504,0.06499080318822807,0.12934819317798044,1.0,0.0,0,-0.18452589259940222,-0.09836657533444912,0
363,24時間こちょこちょに耐えれば100億円もらえるボタン...あなたは押しますか？【アニメ】【漫画動画】,0.11902969953106003,0.09993868792152052,0.12107396149949343,1.0,0.0,0,-0.18264397931851772,-0.08090467753214423,0
364,まさか私が「N」なんて...SM診断【アニメ】【漫画動画】,0.31469152241455833,0.2017167381974249,0.48210064167510974,1.0,0.0,2,-0.1353180980323317,0.25278265495243546,2
365,フラグ一日交換【アニメ】【漫画動画】,0.22072984812520505,0.15450643776824036,0.1330631543397501,1.0,0.0,2,-0.1694204249076643,0.01800137519852935,2
366,幼児化ビームを浴びるとどうなるのか【アニメ】【漫画動画】,0.17032362646905577,0.18087063151440833,0.10114826072272881,1.0,0.0,0,-0.17323436262498076,-0.0048847004307220835,0
367,最悪〇ぬ！？面白半分でやってはいけない危険な行為５選【アニメ】【漫画動画】,0.1293733958586619,0.09871244635193133,0.07767646065518406,1.0,0.0,0,-0.18478707652351453,-0.09480830487929136,0
368,美少女の飼い猫になるとどうなるのか？【アニメ】【漫画動画】,0.21934039637970631,0.21827099938687922,0.09979736575481257,1.0,0.0,2,-0.16640497116756964,0.04747090688183956,2
369,ドＳ女子のナイトルーティン【アニメ】【漫画動画】,0.2435979081032054,0.17351318209687308,0.10469436001350896,1.0,0.0,2,-0.167922788760511,0.03156240560488165,2
370,【ストーリー編】第9話「プログラムの墓場」【アニメ】【漫画動画】,0.16239217275516704,0.10361741263028816,0.1501182033096927,1.0,0.0,0,-0.17706638428939192,-0.04210981812030409,0
371,1分に1回ラッキースケベが起こる世界になるとどうなるのか？【アニメ】【漫画動画】,0.21175630560219227,0.16860821581851626,0.12884160756501184,1.0,0.0,2,-0.1692211394732453,0.02113173209482087,2
372,【あるある】テスト前日の死亡フラグ【アニメ】【漫画動画】,0.08228642003898184,0.04659717964438995,0.08696386355960825,1.0,0.0,0,-0.1921703334726594,-0.15297285341496158,0
373,チャンネル解体します,0.2580327679036647,0.4316370324954016,0.11229314420803785,1.0,0.0,2,-0.14483351293984859,0.22313069328825572,2
374,【コラボ】小人化して美少女３人に「お世話」されるとどうなるのか【アニメ】【漫画動画】,0.23236650649375715,0.2145922746781116,0.19638635596082407,1.0,0.0,2,-0.1593683249389681,0.09364580850999091,2
375,ケモ耳娘になるとどうなるのか？【アニメ】【漫画動画】,0.15220285995484284,0.1244635193133047,0.09321175278622088,1.0,0.0,0,-0.17985377494002605,-0.05763469155835296,0
376,6人の美少女と同時にデートするとどうなるのか【アニメ】【漫画動画】,0.0782145545070341,0.05150214592274678,0.06973995271867613,1.0,0.0,0,-0.19320754638250257,-0.15919349216753556,0
377,分かると危険！サイコパス診断 #shorts【アニメ】【漫画動画】,0.06327794824292247,0.043531575720416923,0.0,1.0,0.0,0,-0.19960172033560375,-0.20298419054090228,0
378,妹化するとどうなるのか？【アニメ】【漫画動画】,0.1535923117003416,0.12078479460453707,0.10097939885173929,1.0,0.0,0,-0.17954271558967944,-0.056098684282893586,0
379,色を選ぶだけでわかる！あなたの精神年齢【アニメ】【漫画動画】,0.07010941932495802,0.03678724708767627,0.12495778453225262,1.0,0.0,0,-0.19144176410882843,-0.15011330889175842,0
380,いくつ当てはまる？「天才」に共通する5つの特徴【アニメ】【漫画動画】,0.10662112352611976,0.07112201103617412,0.0839243498817967,1.0,0.0,0,-0.1884396005627707,-0.12383795795113087,0
381,【フラグ幼稚園】こんな教育番組は嫌だ【アニメ】【漫画動画】,0.09745460159400991,0.10116492949110974,0.1055386693684566,1.0,0.0,0,-0.18523595230050224,-0.09853815772900049,0
382,水着で体育祭をするとどうなるのか？【アニメ】【漫画動画】,0.13902236631351436,0.12875536480686695,0.08291117865585952,1.0,0.0,0,-0.1811956519214131,-0.06628021763569146,0
383,"本性がバレる！？""クセ""でわかる深層心理テスト【アニメ】【漫画動画】",0.100522974198653,0.045370938074800735,0.06112799729821007,1.0,0.0,0,-0.1925493276937184,-0.15499320141159173,0
384,【生存フラグ編】男女が手錠で繋がれるとどうなるのか？【アニメ】【漫画動画】,0.13068565584052183,0.07725321888412016,0.07919621749408984,1.0,0.0,0,-0.1863704660496813,-0.10843369841624678,0
385,ぼっち学生の休み時間の過ごし方がヤバ過ぎる...【アニメ】【漫画動画】,0.0660954476157394,0.029429797670141016,0.0452549814251942,1.0,0.0,0,-0.19758960694884348,-0.1917972065232617,0
386,１時間ごとに性格が変わる薬を飲むとどうなるのか？【アニメ】【漫画動画】,0.08877052818464269,0.04782342121397915,0.07632556568726782,1.0,0.0,0,-0.19226201128578177,-0.15315528617856727,0
387,怖すぎる超巨大海洋生物６選【アニメ】【漫画動画】,0.07063046372952006,0.05824647455548743,0.0778453225261736,1.0,0.0,0,-0.1927043517014538,-0.15513339434976026,0
388,普段からいじめてくるドS美少女のせいで骨折…→つきっきりで看病されることに！？【アニメ】【漫画動画】,0.07095852872498504,0.03678724708767627,0.0530226274907126,1.0,0.0,0,-0.19609079472076435,-0.18064893399124787,0
389,水泳の授業にありがちなこと７選【アニメ】【漫画動画】,0.09712653659854494,0.061925199264255056,0.0844309354947653,1.0,0.0,0,-0.18990879594165672,-0.13523821208771516,0
390,メンヘラ女を無視し続けるとどうなるのか？【アニメ】【漫画動画】,0.12792605029043402,0.08828939301042305,0.14285714285714288,1.0,0.0,0,-0.18149419400984346,-0.07479516659125894,0
391,血液型あるある！あなたはどのタイプ？【アニメ】【漫画動画】,0.06707964260213435,0.034334763948497854,0.05437352245862885,1.0,0.0,0,-0.19650750981911969,-0.18390149990662372,0
392,【ストーリー編】第10話「3つの扉」【アニメ】【漫画動画】,0.09797564599857195,0.04843654199877376,0.050489699425869644,1.0,0.0,0,-0.19318947209729154,-0.15882784225871235,0
393,学校に1人はいた「ウザい先生」あるあるがムカつくwwww【アニメ】【漫画動画】,0.06717613230668287,0.0962599632127529,0.050489699425869644,1.0,0.0,0,-0.19160380151164208,-0.14224317363297437,0
394,【前編】失踪事件？恐怖のハロウィンパーティー！【漫画】【ブラックコラボ】,0.10260715181690114,0.0539546290619252,0.06045254981425195,1.0,0.0,0,-0.1917177550892717,-0.1481456962004495,0
395,ドＳ美少女が「惚れ薬」を飲んで豹変！？あなたのことを大好きに...【アニメ】【漫画動画】,0.09114417491653641,0.04230533415082771,0.08189800742992233,1.0,0.0,0,-0.19217138856832047,-0.1533127208140696,0
396,【重大告知あり】祝！全力回避フラグちゃん２周年記念動画【アニメ】【漫画動画】,0.11200524903992744,0.03065603923973022,0.11617696724079704,1.0,0.0,0,-0.18927328456339543,-0.13527681972459135,0
397,【限界突破】月200時間残業したらどうなるのか【アニメ】【漫画動画】,0.06387618441112333,0.04782342121397915,0.11043566362715299,1.0,0.0,0,-0.19195978125657615,-0.15206623640281983,0
398,生きたまま大蛇に飲み込まれるとどうなるのか？【アニメ】【漫画動画】,0.06817962523398753,0.05211526670754139,0.05065856129685918,1.0,0.0,0,-0.19518663573486947,-0.17247431891883924,0
399,生きたまま大蛇に飲み込まれるとどうなるのか？【アニメ】【漫画動画】,0.06817962523398753,0.05211526670754139,0.05065856129685918,1.0,0.0,0,-0.19518663573486947,-0.17247431891883924,0
400,男女が密室で24時間監視されるとどうなるのか？【アニメ】【漫画動画】,0.06459020822478241,0.02513795217657878,0.05150287065180682,1.0,0.0,0,-0.19765398458653613,-0.19292723956243485,0
401,【脳内メーカー】美少女の頭の中が実はヤバい件......【アニメ】【漫画動画】,0.051679885756189814,0.02329858982219497,0.04356636271529889,1.0,0.0,0,-0.19932990342268309,-0.2046913577414055,0
402,休みを無駄にしてしまう人の特徴 #shorts【アニメ】【漫画動画】,0.03670468361025879,0.022685469037400367,0.0016886187098953016,1.0,0.0,0,-0.2032888767717289,-0.23135407901544489,0
403,美少女の服に転生した男の末路......【アニメ】【漫画動画】,0.0,0.0,0.004896994258696389,1.0,0.0,0,-0.20781630863540795,-0.2658936853301261,0
